-1.761947076813701329e+00 -1.169301686943946628e+01
-9.544536075672347408e-01 -1.109368693647447834e+01
-4.885051784834568700e+00 -2.060999980078008420e+01
-1.898128672639525227e+00 -1.417922622432660873e+01
2.195796777147409173e+00 1.843004161340275004e+00
4.758262968111299784e-01 -6.767546665117909477e+00
-3.526753754579456945e+00 -1.741109012524029254e+01
4.129181652248714585e+00 2.621896146366409663e+00
1.696780220363126368e+00 -2.976345624022326497e+00
9.548895047246741541e-02 -7.455219829288316724e+00
-2.390163255017360378e+00 -1.511932967840341568e+01
-1.478818325460977690e+00 -1.016144482009890027e+01
-2.325151817017033551e+00 -1.168553014776150434e+01
2.004437312356795786e+00 -1.129442695301682287e-01
4.483789729649004130e+00 5.652714308606967109e+00
1.248970090263076038e+00 -2.844041483018573402e+00
2.603179349573388812e+00 9.819139716537534923e-01
7.375304795354065135e-02 -6.591639775177214666e+00
-1.491313133021530124e+00 -1.208949870536795501e+01
8.742185092085978937e-01 -4.771124883758570689e+00
4.635771770911516043e+00 6.256588031365779123e+00
-4.027484642677818805e+00 -1.956907176725476916e+01
-3.525603533091833164e+00 -1.589781695561142705e+01
-4.962963584323565769e+00 -2.342201735754415637e+01
-2.984771791577890632e+00 -1.545251379665408820e+01
-3.736253813862919770e-01 -7.921891081183948025e+00
2.710987485310528911e+00 1.495419906031241197e+00
-2.502469383856059437e+00 -1.528383787983057474e+01
4.076292975357729276e-01 -6.384752337629456598e+00
4.127486048607792668e+00 6.990257955270981149e+00
-4.832940598267434495e+00 -2.082111143208456028e+01
-2.218548355860209043e+00 -1.321660266428104968e+01
-1.905232285120428415e-01 -6.821113513813492624e+00
2.674059833170904454e+00 -4.880355892500143344e-01
7.127525753675385545e-01 -3.836237720200144530e+00
1.094862636402018197e+00 -4.287643326991028125e+00
1.364428166411525645e+00 -3.806537447250324835e+00
2.119791697204024494e+00 -5.794339436267217369e-01
-6.455882292371057929e-01 -8.419557574595865290e+00
-6.898952565958271776e-01 -1.092914606109469844e+01
-4.938109939056555930e+00 -2.248233909433314892e+01
-2.294157850372672058e+00 -1.336560060029705532e+01
-1.323539266393028768e+00 -1.179331158357989295e+01
2.573728705928203908e+00 -2.328353922594762482e-01
-4.315768931778432460e+00 -1.962900611975181420e+01
-3.821378248008597822e+00 -1.878629533108979999e+01
2.498349467752976949e+00 1.532481444368147816e+00
-3.014306473578509671e+00 -1.606663892012941730e+01
-3.390359916933960438e+00 -1.775050267658676972e+01
-3.359833831718957775e+00 -1.704532963907966092e+01
-1.671881181199950106e-01 -7.900139336782873833e+00
3.809901917474205035e+00 4.316546117415000161e+00
-2.683489202116668970e+00 -1.686094750183415769e+01
-1.946077440942715064e+00 -1.471586521830212213e+01
2.487815443115477976e+00 3.370138969131891704e-01
-1.439764879353679916e+00 -1.162116401572386515e+01
1.419206937666697144e-01 -7.020672477519684485e+00
2.136012017007842267e+00 2.655549329359074839e-03
1.264434875780865219e+00 -2.955417732437886080e+00
3.710609420078885279e-01 -4.551117424377243204e+00
4.309687040764043076e-02 -7.376701404491921465e+00
-3.963125997789398447e+00 -1.742179755741519287e+01
-1.033285583016597897e+00 -1.169750697747485191e+01
9.181316251281330665e-01 -4.566625643545071611e+00
8.413964948179160075e-01 -4.204611933052522232e+00
2.746636104685252988e+00 1.095993201043027998e+00
1.286820568554590594e+00 -2.168112744242606915e+00
-3.092854695151991962e+00 -1.673165035539234324e+01
-4.866216484009151522e+00 -2.181232869276822939e+01
-2.986669861187696284e+00 -1.485038120329608802e+01
3.554425036070567145e+00 3.712717900266937932e+00
-4.071632536909683964e+00 -1.930556541335657528e+01
1.575116121466210828e+00 -1.940211588898940187e+00
8.562299684084129225e-01 -2.544625053676692339e+00
-3.178205164497175161e+00 -1.626268539073445396e+01
4.913816175312375023e+00 7.903466272249926483e+00
2.457877921129984600e+00 -2.332381596070536300e-01
4.371632890533739157e+00 5.102575620634986819e+00
-3.852310953995869092e+00 -1.836698031960849065e+01
-1.536078955608780383e+00 -1.281036928819428589e+01
-4.822950963415511438e+00 -2.270898820774880633e+01
1.658319749444068236e+00 -2.070020933412309194e+00
-3.963771950759690021e+00 -1.899882213625494032e+01
-1.899624140980872511e+00 -1.489348200341462203e+01
1.968804107877097920e-02 -6.141954601829807459e+00
4.121056355399577598e+00 4.694971794126434617e+00
-4.854366814237083716e+00 -2.090364639361902022e+01
2.486499329691583604e+00 8.973301899077459343e-01
-1.303048655616941609e+00 -1.004093124779635460e+01
-3.710212039142254170e+00 -1.805957853321399398e+01
-1.638163176042083613e+00 -1.219183957177187949e+01
7.764332040951931191e-01 -4.267234212941461102e+00
-2.941482659452797854e+00 -1.570648454928197069e+01
-3.936216341187959156e+00 -1.862391579032223987e+01
1.178090061925373355e+00 -1.229308840027703020e+00
3.522666006878631961e+00 5.357426526243568077e+00
-4.451296939795042817e+00 -2.034211872270477528e+01
-3.443026728148803617e+00 -1.695637492877093422e+01
-3.650396487642390220e+00 -1.828080422035024100e+01
-2.869757675908917172e+00 -1.513851627562536706e+01
2.811904825363313876e-01 -5.689981288448206165e+00
-2.572125308263322196e+00 -1.298136921172078750e+01
8.905751390403544576e-01 -4.590184867193883633e+00
-4.922403898360256491e+00 -2.080846775458940812e+01
3.900290735011322951e+00 4.648514065520686245e+00
-1.769078793751603929e+00 -1.256546695540095726e+01
4.541235989247763172e+00 7.628240211917348468e+00
-8.084118275177587520e-01 -8.350941354956120222e+00
1.014306444864367052e+00 -5.742089931064429109e+00
3.239238831951784192e+00 1.245499682503016681e+00
-4.890058676732177645e+00 -2.262617739821138230e+01
-6.462132981578347923e-01 -8.533353020354887519e+00
-2.962873780300387949e-01 -7.543172785998046415e+00
-3.105428257296893868e+00 -1.663467014297481938e+01
-2.775700680636552509e+00 -1.666885229681872715e+01
3.850829132747289663e+00 5.991327335726163383e+00
-2.772661853242258445e+00 -1.690604325726043555e+01
1.830193741642368366e+00 3.211893877671494479e-01
-3.419185200358788812e+00 -1.709949592422967513e+01
7.836882240705129732e-01 -6.491423573695334071e+00
3.412900612740605411e+00 3.067693743033177878e+00
4.820702084255062303e+00 8.267203347927010171e+00
2.629653394583465698e+00 -2.108418742683362268e-01
2.526248010181807224e+00 1.171551210192240511e+00
4.290241252073965228e+00 7.807164531952211384e+00
1.116726316010641540e+00 -4.006037683123615523e+00
1.049591425868388050e+00 -3.876654494621308622e+00
-4.933617086080662517e+00 -2.368165879298354071e+01
-1.280315719909145500e+00 -9.625224772411367979e+00
7.050196951461060735e-01 -4.287773959987794647e+00
-8.002818991813320793e-02 -9.908965622127567485e+00
-7.972423257122427387e-01 -1.054167421591004938e+01
-6.547480904006253155e-02 -7.598608818278341559e+00
-2.793593130904190591e+00 -1.524691130931317140e+01
-4.203047373226700856e+00 -1.927788886939043067e+01
-2.577517794364196035e+00 -1.237057559983134070e+01
-4.158533559370377830e+00 -1.781324580755991605e+01
4.291147700199015702e+00 5.379715207303578772e+00
-3.014948399550955394e+00 -1.542482043382364409e+01
3.513736377215682438e+00 2.760617345181676896e+00
4.866260203130416073e+00 5.645525508369967582e+00
2.226482675249814136e+00 9.356100282061792228e-01
5.010696443850539694e-01 -6.093273902919865037e+00
-1.587076565377067983e+00 -1.089592194422754545e+01
3.870138671448025036e+00 5.479335773520300101e+00
-9.561413774625844297e-01 -9.705316100045436656e+00
-2.452449961171998538e+00 -1.360611478246318562e+01
1.191953674100071581e+00 -2.744557731052765348e+00
-1.403829145090136343e+00 -1.044716304682365760e+01
8.765150224371396348e-01 -4.345753204844744033e+00
-1.491133158079897214e+00 -1.205855824416246769e+01
-3.080577865801722659e+00 -1.401582653883284024e+01
3.158290699164066240e+00 1.248834354652404999e+00
3.202834689058118300e-01 -4.784726550744665907e+00
3.759637603737607137e+00 5.444143353475697111e+00
3.240017760763773680e+00 2.552524865235314522e+00
-3.135231890414338363e+00 -1.706842479551177050e+01
-4.917307702842093065e+00 -2.172689099347102371e+01
-1.684858714801103829e+00 -1.372462865704015300e+01
3.639453281630945725e+00 4.053356968942288141e+00
-4.654357655642988867e+00 -1.933112928595765467e+01
2.832981742141726933e+00 2.966428135349941542e+00
8.953730508417478973e-02 -7.377618084796822018e+00
-4.181112362410683403e+00 -1.940772200009240933e+01
2.884970793640175835e+00 9.887380261889586741e-01
1.943580268813621004e+00 -1.889002433033370121e+00
4.979018120725344332e+00 5.866003792816793627e+00
-5.656224362021289309e-01 -6.664248094924174914e+00
1.596940284141528998e+00 -2.234968130681888265e+00
4.745354018466441559e+00 5.856359083998490256e+00
3.923437993220682429e+00 4.767910668035466593e+00
4.029549301167000053e+00 4.845285756139899647e+00
2.754934589362672881e+00 6.969128416615643085e-01
-2.968004729987787638e+00 -1.629950713509992255e+01
4.813615696494837337e+00 7.994380503865358811e+00
-7.188027765885198761e-01 -8.144374666756096559e+00
1.553252902423654547e+00 -3.243162365235042088e+00
-3.775708291442434472e+00 -1.798907005949187621e+01
-2.509656110850561284e+00 -1.293361631906267384e+01
3.929099575220677210e+00 5.423755586580271348e+00
2.432170316845158275e+00 6.954847350480775070e-01
1.000923255434507553e+00 -2.257800861014042759e+00
-1.167189556878991397e+00 -1.240866498938311757e+01
-7.823403758243294703e-01 -1.044118031804952729e+01
-1.943218679813003558e+00 -1.040364555647647293e+01
-4.947460914581869318e+00 -2.263923040924085228e+01
-4.252419137591743059e+00 -2.043898541902673216e+01
-2.107367127752421965e+00 -1.228575213845031300e+01
4.531917660150442728e+00 7.674267181281267725e+00
-2.945339736498684413e+00 -1.645768065797579638e+01
-7.827612158638359574e-01 -8.570857340262326929e+00
-3.438432959665158606e-01 -7.609373441974028651e+00
-3.819468291431993290e+00 -1.863485917300322825e+01
-4.789936369495552348e+00 -2.177998988125271396e+01
3.312606468652369074e+00 1.674318257153306622e+00
-4.286863595487735878e+00 -2.195925655499934948e+01
-7.302966579321097385e-01 -7.766678776621761315e+00
-3.490605305363825295e+00 -1.723301790228833497e+01
-3.225446144341865828e+00 -1.893769251852995339e+01
5.531887637606169861e-01 -5.106792578111874370e+00
